motif	top sequence motif count	all sequence motif count	number of top sequences	total number of sequences	log(OR)	pvalue	qvalue	Koren et al.
xxxxEE	46	89	1420	16256	2.6	5.13E-21	3.08E-17	1
xxxxVS	45	87	1420	16256	2.6	1.33E-20	3.98E-17	0
xxxxAA	31	54	1420	16256	2.7	7.69E-16	1.54E-12	1
xxxxCR	24	33	1420	16256	3.1	9.49E-15	1.42E-11	0
xxxxRG	24	35	1420	16256	3.0	3.31E-14	3.97E-11	1
xxxxVC	16	20	1420	16256	3.2	6.53E-11	6.53E-08	0
xxxxKA	27	65	1420	16256	2.3	7.76E-11	6.65E-08	0
xLxRxx	29	79	1420	16256	2.1	2.65E-10	1.80E-07	0
xxCxCx	20	37	1420	16256	2.6	2.70E-10	1.80E-07	1
xxxxAT	23	51	1420	16256	2.4	4.11E-10	2.47E-07	0
xxxAAx	29	82	1420	16256	2.0	6.11E-10	3.33E-07	0
xxxRxA	21	44	1420	16256	2.5	8.73E-10	4.37E-07	0
xLxxxG	20	41	1420	16256	2.5	1.52E-09	6.50E-07	1
xxxxGG	20	41	1420	16256	2.5	1.52E-09	6.50E-07	1
xxxxAF	18	33	1420	16256	2.7	1.80E-09	7.20E-07	0
xLxxAx	28	83	1420	16256	2.0	3.28E-09	1.16E-06	0
xSxxxG	24	62	1420	16256	2.2	3.29E-09	1.16E-06	1
xLxxxA	28	86	1420	16256	1.9	6.93E-09	2.31E-06	1
xxSxVx	27	82	1420	16256	1.9	1.02E-08	3.13E-06	0
xxxxSG	24	66	1420	16256	2.1	1.06E-08	3.13E-06	0
xxLxxG	21	51	1420	16256	2.3	1.10E-08	3.13E-06	1
xxxRGx	18	40	1420	16256	2.4	3.26E-08	8.88E-06	1
xxCxxR	16	33	1420	16256	2.5	6.90E-08	1.73E-05	0
xxxxGA	16	33	1420	16256	2.5	6.90E-08	1.73E-05	1
xxxRxS	22	63	1420	16256	2.0	8.51E-08	1.98E-05	1
xxLRxx	24	74	1420	16256	1.9	8.60E-08	1.98E-05	0
xxxAVx	18	43	1420	16256	2.3	9.39E-08	2.09E-05	0
xxxKxG	16	34	1420	16256	2.4	1.03E-07	2.20E-05	1
xxxRxV	18	45	1420	16256	2.2	1.81E-07	3.75E-05	0
RxxRxx	24	78	1420	16256	1.8	2.19E-07	4.39E-05	0
PxxxVx	20	57	1420	16256	2.0	3.00E-07	5.63E-05	0
xVxxVx	20	57	1420	16256	2.0	3.00E-07	5.63E-05	1
xxxxPG	14	28	1420	16256	2.5	3.11E-07	5.65E-05	1
KxxxxG	17	42	1420	16256	2.2	3.34E-07	5.76E-05	0
xPxxVx	18	47	1420	16256	2.1	3.37E-07	5.76E-05	1
xxRRxx	26	92	1420	16256	1.7	3.46E-07	5.76E-05	0
xxxxAS	31	124	1420	16256	1.5	3.73E-07	6.04E-05	0
xxxSVx	26	93	1420	16256	1.7	4.22E-07	6.66E-05	0
xxxxVG	14	29	1420	16256	2.5	4.69E-07	7.22E-05	1
xLxxVx	23	76	1420	16256	1.8	5.14E-07	7.71E-05	0
xPxxxG	15	34	1420	16256	2.3	5.65E-07	8.27E-05	1
xxxSxG	18	49	1420	16256	2.1	6.07E-07	8.47E-05	0
GxxxVx	18	49	1420	16256	2.1	6.07E-07	8.47E-05	0
xxxGxG	14	30	1420	16256	2.4	6.96E-07	9.50E-05	1
xxxAxA	21	66	1420	16256	1.9	7.25E-07	9.61E-05	1
xxxRTx	19	55	1420	16256	2.0	7.37E-07	9.61E-05	1
RxxxxG	15	35	1420	16256	2.3	8.06E-07	1.03E-04	1
xxTxxG	17	45	1420	16256	2.1	8.48E-07	1.04E-04	0
SxxxxG	17	45	1420	16256	2.1	8.48E-07	1.04E-04	1
xxPxxG	14	31	1420	16256	2.4	1.02E-06	1.20E-04	1
xxRxxG	14	31	1420	16256	2.4	1.02E-06	1.20E-04	1
PxxxxG	16	41	1420	16256	2.2	1.17E-06	1.35E-04	1
xSxxxA	21	69	1420	16256	1.8	1.45E-06	1.64E-04	0
xxIxxG	13	28	1420	16256	2.4	1.82E-06	2.02E-04	0
xxAVxx	17	48	1420	16256	2.0	2.00E-06	2.14E-04	0
xxxxCS	17	48	1420	16256	2.0	2.00E-06	2.14E-04	0
xxxRVx	14	33	1420	16256	2.3	2.08E-06	2.19E-04	0
xxCxAx	12	24	1420	16256	2.5	2.13E-06	2.20E-04	0
xVxxxG	15	38	1420	16256	2.2	2.18E-06	2.20E-04	1
xAxxAx	23	83	1420	16256	1.7	2.20E-06	2.20E-04	0
xxxxAC	12	25	1420	16256	2.5	3.21E-06	3.13E-04	1
xxExxA	23	85	1420	16256	1.6	3.24E-06	3.13E-04	0
xxxxRV	17	50	1420	16256	2.0	3.40E-06	3.20E-04	0
AxxxAx	21	73	1420	16256	1.7	3.41E-06	3.20E-04	0
xxQxxG	13	30	1420	16256	2.3	3.80E-06	3.51E-04	0
xxSxxG	15	40	1420	16256	2.1	4.00E-06	3.62E-04	1
xxxxVR	14	35	1420	16256	2.2	4.04E-06	3.62E-04	1
xxCGxx	16	46	1420	16256	2.0	4.93E-06	4.23E-04	0
ExxxCx	16	46	1420	16256	2.0	4.93E-06	4.23E-04	0
xxTxVx	16	46	1420	16256	2.0	4.93E-06	4.23E-04	0
xMxxxV	14	36	1420	16256	2.2	5.54E-06	4.68E-04	0
xxAxxA	16	47	1420	16256	2.0	6.42E-06	5.35E-04	1
xxxVxA	15	42	1420	16256	2.0	7.09E-06	5.83E-04	0
KxxxVx	18	59	1420	16256	1.8	7.66E-06	6.21E-04	0
KxxxxA	16	48	1420	16256	1.9	8.30E-06	6.64E-04	0
xxxxVV	17	54	1420	16256	1.9	9.12E-06	7.20E-04	0
xxxLxA	23	91	1420	16256	1.5	9.54E-06	7.44E-04	1
xxxRAx	14	38	1420	16256	2.1	1.01E-05	7.75E-04	0
xxxAxG	15	44	1420	16256	2.0	1.21E-05	9.22E-04	1
xLxxxV	26	113	1420	16256	1.4	1.30E-05	9.77E-04	0
xxxLVx	20	74	1420	16256	1.6	1.40E-05	1.04E-03	0
xxxCxG	9	16	1420	16256	2.7	1.58E-05	1.16E-03	0
xxCxVx	14	40	1420	16256	2.0	1.76E-05	1.27E-03	0
xVxRxx	14	41	1420	16256	2.0	2.30E-05	1.62E-03	0
xxxPVx	14	41	1420	16256	2.0	2.30E-05	1.62E-03	1
xxxECx	9	17	1420	16256	2.6	2.52E-05	1.74E-03	0
xxQxVx	13	36	1420	16256	2.1	2.53E-05	1.74E-03	1
xxxRxC	12	31	1420	16256	2.2	2.65E-05	1.80E-03	0
LxxRxx	21	84	1420	16256	1.5	2.67E-05	1.80E-03	0
xxxGCx	17	59	1420	16256	1.7	2.75E-05	1.83E-03	0
xExRxx	15	48	1420	16256	1.8	3.25E-05	2.15E-03	0
QxxxAx	17	60	1420	16256	1.7	3.38E-05	2.20E-03	1
xxExAx	19	73	1420	16256	1.6	3.73E-05	2.41E-03	0
xxSAxx	22	93	1420	16256	1.5	3.90E-05	2.49E-03	0
xxxxWG	8	14	1420	16256	2.7	4.16E-05	2.63E-03	0
xTxxxG	10	23	1420	16256	2.3	4.73E-05	2.93E-03	1
xxxREx	12	33	1420	16256	2.1	4.79E-05	2.93E-03	0
PxxxxC	12	33	1420	16256	2.1	4.79E-05	2.93E-03	0
xxxRxT	14	44	1420	16256	1.9	4.87E-05	2.95E-03	0
AxxxxA	17	62	1420	16256	1.7	5.03E-05	3.02E-03	0
xxTxxA	15	50	1420	16256	1.8	5.12E-05	3.03E-03	0
xxxxGR	16	56	1420	16256	1.7	5.16E-05	3.03E-03	0
xxSxAx	19	75	1420	16256	1.5	5.31E-05	3.09E-03	0
xxxPxG	13	39	1420	16256	1.9	5.65E-05	3.26E-03	1
xxPxVx	14	45	1420	16256	1.8	6.16E-05	3.52E-03	0
xVxxxA	15	51	1420	16256	1.8	6.36E-05	3.60E-03	1
xxxxMA	7	11	1420	16256	2.9	6.44E-05	3.61E-03	0
MxxxxG	8	15	1420	16256	2.6	6.69E-05	3.68E-03	0
xMxxxG	8	15	1420	16256	2.6	6.69E-05	3.68E-03	0
SxxxVx	18	70	1420	16256	1.6	6.86E-05	3.74E-03	0
xxVxxA	14	46	1420	16256	1.8	7.74E-05	4.15E-03	0
ExxRxx	14	46	1420	16256	1.8	7.74E-05	4.15E-03	0
xxxKVx	17	65	1420	16256	1.6	8.83E-05	4.69E-03	0
xTxxVx	13	41	1420	16256	1.9	9.24E-05	4.80E-03	0
xxVxxG	10	25	1420	16256	2.2	9.32E-05	4.80E-03	1
xxxxVH	10	25	1420	16256	2.2	9.32E-05	4.80E-03	1
GxxxxA	16	59	1420	16256	1.6	9.35E-05	4.80E-03	0
xxKxVx	15	53	1420	16256	1.7	9.66E-05	4.87E-03	0
xxxxTA	14	47	1420	16256	1.8	9.66E-05	4.87E-03	0
xxxxEA	20	86	1420	16256	1.4	1.07E-04	5.36E-03	0
xxxLCx	13	42	1420	16256	1.8	1.17E-04	5.79E-03	0
ExxxxR	14	48	1420	16256	1.7	1.20E-04	5.85E-03	0
xGxxVx	14	48	1420	16256	1.7	1.20E-04	5.85E-03	0
xxxVVx	12	37	1420	16256	1.9	1.38E-04	6.68E-03	0
xAxRxx	15	55	1420	16256	1.7	1.44E-04	6.84E-03	1
xExxVx	15	55	1420	16256	1.7	1.44E-04	6.84E-03	0
xLTxxx	18	75	1420	16256	1.5	1.59E-04	7.51E-03	0
xCxRxx	9	22	1420	16256	2.2	1.75E-04	8.11E-03	0
xxAxVx	12	38	1420	16256	1.9	1.76E-04	8.11E-03	0
ExCxxx	12	38	1420	16256	1.9	1.76E-04	8.11E-03	1
xxxEVx	16	63	1420	16256	1.6	1.94E-04	8.89E-03	0
RxxxVx	14	51	1420	16256	1.7	2.21E-04	1.00E-02	0
xIIxxx	10	28	1420	16256	2.0	2.30E-04	1.04E-02	0
GxxxxG	9	23	1420	16256	2.2	2.42E-04	1.08E-02	1
xxxxVN	11	34	1420	16256	1.9	2.63E-04	1.16E-02	1
xxxxSY	11	34	1420	16256	1.9	2.63E-04	1.16E-02	0
xLxxxC	14	52	1420	16256	1.6	2.68E-04	1.16E-02	0
xxPxxA	14	52	1420	16256	1.6	2.68E-04	1.16E-02	1
xxxGAx	16	65	1420	16256	1.5	2.73E-04	1.18E-02	0
AxxxxG	12	40	1420	16256	1.8	2.78E-04	1.18E-02	1
xxxMxG	7	14	1420	16256	2.5	2.78E-04	1.18E-02	0
xxxxMR	6	10	1420	16256	2.8	2.91E-04	1.23E-02	0
AVxxxx	15	59	1420	16256	1.6	3.00E-04	1.26E-02	0
GxxRxx	14	53	1420	16256	1.6	3.23E-04	1.35E-02	0
xxxxAY	8	19	1420	16256	2.3	3.27E-04	1.35E-02	0
xxxxVF	11	35	1420	16256	1.9	3.35E-04	1.38E-02	0
xAxxxA	16	67	1420	16256	1.5	3.78E-04	1.54E-02	1
xxxVSx	19	88	1420	16256	1.3	3.90E-04	1.57E-02	0
xxxIxA	10	30	1420	16256	1.9	3.92E-04	1.57E-02	1
xxAxxG	10	30	1420	16256	1.9	3.92E-04	1.57E-02	1
xxxxVA	13	48	1420	16256	1.6	4.13E-04	1.59E-02	0
AxxxVx	13	48	1420	16256	1.6	4.13E-04	1.59E-02	0
MxxxVx	7	15	1420	16256	2.4	4.19E-04	1.59E-02	0
MxxxxA	7	15	1420	16256	2.4	4.19E-04	1.59E-02	0
xQxxAx	15	61	1420	16256	1.5	4.22E-04	1.59E-02	0
xxxTxG	11	36	1420	16256	1.8	4.23E-04	1.59E-02	1
xLIxxx	12	42	1420	16256	1.7	4.27E-04	1.59E-02	0
xTxRxx	12	42	1420	16256	1.7	4.27E-04	1.59E-02	0
xRxxxG	12	42	1420	16256	1.7	4.27E-04	1.59E-02	1
xxVRxx	12	42	1420	16256	1.7	4.27E-04	1.59E-02	0
QxxxxG	12	42	1420	16256	1.7	4.27E-04	1.59E-02	0
SxxRxx	16	68	1420	16256	1.4	4.43E-04	1.64E-02	0
xxxCVx	8	20	1420	16256	2.2	4.58E-04	1.68E-02	0
HxxxxG	6	11	1420	16256	2.6	4.80E-04	1.76E-02	0
xMxxxS	10	31	1420	16256	1.9	5.04E-04	1.83E-02	0
xPxxAx	17	76	1420	16256	1.4	5.23E-04	1.86E-02	0
xxxxVK	12	43	1420	16256	1.7	5.24E-04	1.86E-02	1
VxxxxA	12	43	1420	16256	1.7	5.24E-04	1.86E-02	0
TxxxxA	12	43	1420	16256	1.7	5.24E-04	1.86E-02	0
xAxxxS	21	105	1420	16256	1.2	5.31E-04	1.87E-02	0
xxxIAx	9	26	1420	16256	2.0	5.79E-04	2.03E-02	0
xLxxxT	15	63	1420	16256	1.5	5.84E-04	2.04E-02	0
xxxGxA	13	50	1420	16256	1.6	6.01E-04	2.07E-02	0
xxRxAx	13	50	1420	16256	1.6	6.01E-04	2.07E-02	0
xLAxxx	17	77	1420	16256	1.3	6.03E-04	2.07E-02	0
xxxRxG	8	21	1420	16256	2.1	6.27E-04	2.14E-02	1
xxIRxx	10	32	1420	16256	1.8	6.41E-04	2.17E-02	1
LxxxAx	15	64	1420	16256	1.4	6.84E-04	2.30E-02	0
LPxxxx	20	100	1420	16256	1.2	7.11E-04	2.38E-02	0
xxxxVW	6	12	1420	16256	2.5	7.52E-04	2.50E-02	0
xLxxCx	9	27	1420	16256	1.9	7.54E-04	2.50E-02	0
xxxPxC	10	33	1420	16256	1.8	8.07E-04	2.65E-02	0
xVxxAx	11	39	1420	16256	1.7	8.08E-04	2.65E-02	1
xxxxEL	27	156	1420	16256	1.0	8.41E-04	2.73E-02	0
xxxITx	8	22	1420	16256	2.1	8.43E-04	2.73E-02	0
xxxxGF	13	52	1420	16256	1.5	8.55E-04	2.76E-02	0
xLExxx	22	117	1420	16256	1.1	8.78E-04	2.81E-02	0
xxSxxA	18	87	1420	16256	1.3	8.81E-04	2.81E-02	0
LxVxxx	17	80	1420	16256	1.3	9.10E-04	2.89E-02	0
xIxRxx	9	28	1420	16256	1.9	9.69E-04	3.06E-02	0
xAxxxG	11	40	1420	16256	1.7	9.88E-04	3.10E-02	1
xxIxAx	10	34	1420	16256	1.8	1.01E-03	3.15E-02	1
xxxTxV	25	142	1420	16256	1.0	1.02E-03	3.16E-02	0
xLxxTx	17	81	1420	16256	1.3	1.04E-03	3.21E-02	0
xxxAxS	21	111	1420	16256	1.1	1.05E-03	3.24E-02	0
xxxxTV	16	74	1420	16256	1.3	1.06E-03	3.26E-02	0
xxTxxV	15	67	1420	16256	1.4	1.07E-03	3.27E-02	0
xxxxRE	12	47	1420	16256	1.6	1.12E-03	3.36E-02	0
HxxxAx	8	23	1420	16256	2.0	1.12E-03	3.36E-02	0
xMxRxx	7	18	1420	16256	2.2	1.20E-03	3.60E-02	0
ExxxxA	16	75	1420	16256	1.3	1.22E-03	3.60E-02	0
KLxxxx	16	75	1420	16256	1.3	1.22E-03	3.60E-02	0
xxxxAG	9	29	1420	16256	1.8	1.23E-03	3.60E-02	1
LxxxxG	14	61	1420	16256	1.4	1.23E-03	3.60E-02	0
xxxPxA	15	68	1420	16256	1.3	1.24E-03	3.60E-02	1
xxxxAV	15	68	1420	16256	1.3	1.24E-03	3.60E-02	0
xxxRxD	10	35	1420	16256	1.7	1.25E-03	3.62E-02	1
SxxxxA	16	76	1420	16256	1.3	1.39E-03	3.97E-02	0
RxxxxV	16	76	1420	16256	1.3	1.39E-03	3.97E-02	0
xxLxGx	16	76	1420	16256	1.3	1.39E-03	3.97E-02	0
xPxRxx	13	55	1420	16256	1.4	1.40E-03	3.97E-02	0
xxVxEx	13	55	1420	16256	1.4	1.40E-03	3.97E-02	0
xxLxxA	15	69	1420	16256	1.3	1.42E-03	3.99E-02	0
TxxxAx	14	62	1420	16256	1.4	1.43E-03	3.99E-02	0
xAxxVx	11	42	1420	16256	1.6	1.45E-03	3.99E-02	0
xxCRxx	8	24	1420	16256	1.9	1.45E-03	3.99E-02	0
xxNRxx	8	24	1420	16256	1.9	1.45E-03	3.99E-02	0
NxxxVx	8	24	1420	16256	1.9	1.45E-03	3.99E-02	0
xxIxxA	8	24	1420	16256	1.9	1.45E-03	3.99E-02	0
xIxxEx	10	36	1420	16256	1.7	1.53E-03	4.16E-02	0
xxDRxx	10	36	1420	16256	1.7	1.53E-03	4.16E-02	0
xxxACx	9	30	1420	16256	1.8	1.55E-03	4.18E-02	0
ExxxVx	12	49	1420	16256	1.5	1.57E-03	4.23E-02	0
PxxxAx	16	77	1420	16256	1.3	1.58E-03	4.24E-02	0
VxxxxG	7	19	1420	16256	2.1	1.63E-03	4.31E-02	1
xLDxxx	15	70	1420	16256	1.3	1.63E-03	4.31E-02	0
xVxxxV	15	70	1420	16256	1.3	1.63E-03	4.31E-02	0
xxxCAx	6	14	1420	16256	2.3	1.64E-03	4.31E-02	0
xxxVTx	11	43	1420	16256	1.6	1.74E-03	4.55E-02	0
SLxxxx	21	116	1420	16256	1.1	1.78E-03	4.64E-02	0
RxxxxA	12	50	1420	16256	1.5	1.86E-03	4.82E-02	0
xxxExG	10	37	1420	16256	1.6	1.86E-03	4.82E-02	1
xxNxAx	8	25	1420	16256	1.9	1.87E-03	4.82E-02	0
LxxxEx	19	101	1420	16256	1.1	1.89E-03	4.84E-02	0
xIxxTx	9	31	1420	16256	1.7	1.93E-03	4.91E-02	0
xKxRxx	17	86	1420	16256	1.2	1.93E-03	4.91E-02	0
